http://hpiers.obspm.fr/eop-pc/index.php?index=matrice_php&lang=en

2018 11 2     9 h 22 min 12 s   UTC 
                 
matrice:

-0.999439796461     0.033419423098     0.001798724207 
-0.033419523367    -0.999441411388    -0.000025708584 
 0.001796860294    -0.000085806688     0.999998381964
 
-0.999439751316745E-01      3.34207230196613E-02      1.79965573528885E-03
-3.34208258839718E-02     -9.99441367796260E-01     -2.71067214923540E-05 
1.79774446340851E-03     -8.72375159674332E-05      9.99998380250918E-01

-9.99439751328935E-01      3.34207226584835E-02      1.79965567324077E-03
-3.34208255241217E-02     -9.99441367808273E-01     -2.71074633381930E-05 
1.79774437663347E-03     -8.72382546766743E-05      9.99998380251010E-01

  
 
 finalsfile = finals2000A.data
add checkbox
 (integer)     (fractional)
 < MJD_UTC >|<---- MJD_UTC ---->|< yr >|< mo >|< day >|< hrs >|< min >|<------seconds ---->|<------------------------------------------------Terrestrial to Celestial (T2C) Direction Cosine Matrix (R11 R12 R13 R21 R22 R23 R31 R32 R33) ------------------------------------------------------------------------------------------->
   58424        3.90416667E-01    2018    11      2       9      22      1.200000000E+01     -9.99439751316745E-01      3.34207230196613E-02      1.79965573528885E-03     -3.34208258839718E-02     -9.99441367796260E-01     -2.71067214923540E-05      1.79774446340851E-03     -8.72375159674332E-05      9.99998380250918E-01
   58424        3.90428241E-01    2018    11      2       9      22      1.300000000E+01     -9.99437311581731E-01      3.34936032272282E-02      1.79965583898283E-03     -3.34937062092978E-02     -9.99438928053933E-01     -2.71066518287239E-05      1.79773820313783E-03     -8.73685431785671E-05      9.99998380250734E-01
   58424        3.90439815E-01    2018    11      2       9      22      1.400000000E+01     -9.99434866532213E-01      3.35664832567498E-02      1.79965594267186E-03     -3.35665863565780E-02     -9.99436482997094E-01     -2.71065821579602E-05      1.79773193331263E-03     -8.74995699331583E-05      9.99998380250549E-01
   58424        3.90451389E-01    2018    11      2       9      22      1.500000000E+01     -9.99432416168208E-01      3.36393631077251E-02      1.79965604635593E-03     -3.36394663253113E-02     -9.99434032625758E-01     -2.71065124798967E-05      1.79772565393294E-03     -8.76305962301947E-05      9.99998380250364E-01
   58424        3.90462963E-01    2018    11      2       9      22      1.600000000E+01     -9.99429960489726E-01      3.37122427798233E-02      1.79965615003505E-03     -3.37123461151670E-02     -9.99431576939938E-01     -2.71064427943118E-05      1.79771936499881E-03     -8.77616220691375E-05      9.99998380250179E-01
   58424        3.90474537E-01    2018    11      2       9      22      1.700000000E+01     -9.99427499496780E-01      3.37851222727132E-02      1.79965625370920E-03     -3.37852257258139E-02     -9.99429115939645E-01     -2.71063731012056E-05      1.79771306651025E-03     -8.78926474494466E-05      9.99998380249995E-01
   58424        3.90486111E-01    2018    11      2       9      22      1.800000000E+01     -9.99425033189386E-01      3.38580015858946E-02      1.79965635737840E-03     -3.38581051567516E-02     -9.99426649624895E-01     -2.71063034008564E-05      1.79770675846730E-03     -8.80236723702781E-05      9.99998380249810E-01
   58424        3.90497685E-01    2018    11      2       9      22      1.900000000E+01     -9.99422561567554E-01      3.39308807190651E-02      1.79965646104264E-03     -3.39309844076781E-02     -9.99424177995699E-01     -2.71062336931532E-05      1.79770044087001E-03     -8.81546968308111E-05      9.99998380249625E-01
   58424        3.90509259E-01    2018    11      2       9      22      2.000000000E+01     -9.99420084631298E-01      3.40037596718075E-02      1.79965656470192E-03     -3.40038634781758E-02     -9.99421701052070E-01     -2.71061639778744E-05      1.79769411371839E-03     -8.82857208305728E-05      9.99998380249441E-01
   58424        3.90520833E-01    2018    11      2       9      22      2.100000000E+01     -9.99417602380632E-01      3.40766384437355E-02      1.79965666835625E-03     -3.40767423678586E-02     -9.99419218794022E-01     -2.71060942551315E-05      1.79768777701249E-03     -8.84167443687027E-05      9.99998380249256E-01
   58424        3.90532407E-01    2018    11      2       9      22      2.200000000E+01     -9.99415114815570E-01      3.41495170344324E-02      1.79965677200561E-03     -3.41496210763098E-02     -9.99416731221570E-01     -2.71060245252579E-05      1.79768143075235E-03     -8.85477674444511E-05      9.99998380249071E-01

finalsfile = finals2000A.data

 (integer)     (fractional)
 < MJD_UTC >|<---- MJD_UTC ---->|< yr >|< mo >|< day >|< hrs >|< min >|<------seconds ---->|<------------------------------------------------Terrestrial to Celestial (T2C) Direction Cosine Matrix (R11 R12 R13 R21 R22 R23 R31 R32 R33) ------------------------------------------------------------------------------------------->
   58424        3.90416667E-01    2018    11      2       9      22      1.200000000E+01     -9.99439751328935E-01      3.34207226584835E-02      1.79965567324077E-03     -3.34208255241217E-02     -9.99441367808273E-01     -2.71074633381930E-05      1.79774437663347E-03     -8.72382546766743E-05      9.99998380251010E-01
   58424        3.90428241E-01    2018    11      2       9      22      1.300000000E+01     -9.99437311593942E-01      3.34936028661936E-02      1.79965577710263E-03     -3.34937058495907E-02     -9.99438928065968E-01     -2.71073935896742E-05      1.79773811647954E-03     -8.73692818024601E-05      9.99998380250825E-01
   58424        3.90439815E-01    2018    11      2       9      22      1.400000000E+01     -9.99434866544449E-01      3.35664828957443E-02      1.79965588095951E-03     -3.35665859968998E-02     -9.99436483009153E-01     -2.71073238341738E-05      1.79773184677108E-03     -8.75003084715591E-05      9.99998380250640E-01
   58424        3.90451389E-01    2018    11      2       9      22      1.500000000E+01     -9.99432416180466E-01      3.36393627468344E-02      1.79965598481141E-03     -3.36394659657478E-02     -9.99434032637841E-01     -2.71072540709148E-05      1.79772556750813E-03     -8.76313346832631E-05      9.99998380250455E-01
   58424        3.90462963E-01    2018    11      2       9      22      1.600000000E+01     -9.99429960502006E-01      3.37122424190469E-02      1.79965608865833E-03     -3.37123457557176E-02     -9.99431576952043E-01     -2.71071843005639E-05      1.79771927869071E-03     -8.77623604369337E-05      9.99998380250270E-01
   58424        3.90474537E-01    2018    11      2       9      22      1.700000000E+01     -9.99427499509084E-01      3.37851219119952E-02      1.79965619250028E-03     -3.37852253664227E-02     -9.99429115951774E-01     -2.71071145224552E-05      1.79771298031886E-03     -8.78933857318201E-05      9.99998380250085E-01
   58424        3.90486111E-01    2018    11      2       9      22      1.800000000E+01     -9.99425033201713E-01      3.38580012252625E-02      1.79965629633724E-03     -3.38581047974463E-02     -9.99426649637047E-01     -2.71070447372553E-05      1.79770667239263E-03     -8.80244105671733E-05      9.99998380249900E-01
   58424        3.90497685E-01    2018    11      2       9      22      1.900000000E+01     -9.99422561579903E-01      3.39308803585477E-02      1.79965640016923E-03     -3.39309840484873E-02     -9.99424178007873E-01     -2.71069749444648E-05      1.79770035491202E-03     -8.81554349425073E-05      9.99998380249715E-01
   58424        3.90509259E-01    2018    11      2       9      22      2.000000000E+01     -9.99420084643671E-01      3.40037593113481E-02      1.79965650399623E-03     -3.40038631190428E-02     -9.99421701064269E-01     -2.71069051441398E-05      1.79769402787709E-03     -8.82864588568626E-05      9.99998380249530E-01
   58424        3.90520833E-01    2018    11      2       9      22      2.100000000E+01     -9.99417602393028E-01      3.40766380833620E-02      1.79965660781825E-03     -3.40767420088115E-02     -9.99419218806245E-01     -2.71068353365581E-05      1.79768769128787E-03     -8.84174823096418E-05      9.99998380249345E-01
   58424        3.90532407E-01    2018    11      2       9      22      2.200000000E+01     -9.99415114827989E-01      3.41495166741457E-02      1.79965671163530E-03     -3.41496207173493E-02     -9.99416731233815E-01     -2.71067655215534E-05      1.79768134514438E-03     -8.85485053001578E-05      9.99998380249160E-01



2007 11 2     9 h 22 min 12 s   UTC 
                 
matrice:

-0.999547001090     0.030086434974     0.000773978848 
-0.030086414120    -0.999547300630     0.000038576390 
 0.000774789095     0.000015272667     0.999999699734 
 
-9.99547001036216E-01      3.00864367479260E-02      7.73978889005599E-04  
-3.00864158935205E-02     -9.99547300576900E-01      3.85760783290874E-05
7.74789125949687E-04      1.52723526581853E-05      9.99999699734238E-01
  
 
 
finalsfile = finals2000A.data

 (integer)     (fractional)
 < MJD_UTC >|<---- MJD_UTC ---->|< yr >|< mo >|< day >|< hrs >|< min >|<------seconds ---->|<------------------------------------------------Terrestrial to Celestial (T2C) Direction Cosine Matrix (R11 R12 R13 R21 R22 R23 R31 R32 R33) ------------------------------------------------------------------------------------------->
   54406        3.90416667E-01    2007    11      2       9      22      1.200000000E+01     -9.99547001036216E-01      3.00864367479260E-02      7.73978889005599E-04     -3.00864158935205E-02     -9.99547300576900E-01      3.85760783290874E-05      7.74789125949687E-04      1.52723526581853E-05      9.99999699734238E-01
   54406        3.90428241E-01    2007    11      2       9      22      1.300000000E+01     -9.99544804441030E-01      3.01593247854434E-02      7.73978958977561E-04     -3.01593039528656E-02     -9.99545103983289E-01      3.85760966453590E-05      7.74790308059784E-04      1.52158703005158E-05      9.99999699734183E-01
   54406        3.90439815E-01    2007    11      2       9      22      1.400000000E+01     -9.99542602530771E-01      3.02322126625959E-02      7.73979028948295E-04     -3.02321918518459E-02     -9.99542902074602E-01      3.85761149663433E-05      7.74791486051215E-04      1.51593878563419E-05      9.99999699734128E-01
   54406        3.90451389E-01    2007    11      2       9      22      1.500000000E+01     -9.99540395305450E-01      3.03051003789747E-02      7.73979098917802E-04     -3.03050795900526E-02     -9.99540694850851E-01      3.85761332922068E-05      7.74792659923993E-04      1.51029053266463E-05      9.99999699734073E-01
   54406        3.90462963E-01    2007    11      2       9      22      1.600000000E+01     -9.99538182765079E-01      3.03779879341920E-02      7.73979168886081E-04     -3.03779671670979E-02     -9.99538482312050E-01      3.85761516230604E-05      7.74793829678085E-04      1.50464227108416E-05      9.99999699734018E-01
   54406        3.90474537E-01    2007    11      2       9      22      1.700000000E+01     -9.99535964909669E-01      3.04508753279026E-02      7.73979238853132E-04     -3.04508545826366E-02     -9.99536264458207E-01      3.85761699586820E-05      7.74794995313503E-04      1.49899400098058E-05      9.99999699733964E-01
   54406        3.90486111E-01    2007    11      2       9      22      1.800000000E+01     -9.99533741739232E-01      3.05237625596847E-02      7.73979308818954E-04     -3.05237418362469E-02     -9.99534041289336E-01      3.85761882993490E-05      7.74796156830242E-04      1.49334572238656E-05      9.99999699733909E-01
   54406        3.90497685E-01    2007    11      2       9      22      1.900000000E+01     -9.99531513253780E-01      3.05966496291489E-02      7.73979378783546E-04     -3.05966289275394E-02     -9.99531812805449E-01      3.85762066446729E-05      7.74797314228280E-04      1.48769743528789E-05      9.99999699733854E-01
   54406        3.90509259E-01    2007    11      2       9      22      2.000000000E+01     -9.99529279453326E-01      3.06695365359160E-02      7.73979448746910E-04     -3.06695158561350E-02     -9.99529579006557E-01      3.85762249950420E-05      7.74798467507626E-04      1.48204913975835E-05      9.99999699733799E-01
   54406        3.90520833E-01    2007    11      2       9      22      2.100000000E+01     -9.99527040337880E-01      3.07424232795976E-02      7.73979518709043E-04     -3.07424026216452E-02     -9.99527339892673E-01      3.85762433501788E-05      7.74799616668267E-04      1.47640083580583E-05      9.99999699733744E-01
   54406        3.90532407E-01    2007    11      2       9      22      2.200000000E+01     -9.99524795907455E-01      3.08153098598142E-02      7.73979588669946E-04     -3.08152892236904E-02     -9.99525095463807E-01      3.85762617101941E-05      7.74800761710197E-04      1.47075252345975E-05      9.99999699733689E-01



 